================================================================================
RESULTADOS DOS MÉTODOS NUMÉRICOS - INTERFACE
================================================================================
Data/Hora: 03/12/2025 05:54:14

PARÂMETROS DE ENTRADA:
--------------------------------------------------------------------------------
Função f(x):       x**3 - 9*x + 3
Derivada f'(x):    3*x**2 - 9
Função φ(x) (MIL): (9*x - 3)**(1/3)
Intervalo [a, b]:  [0.0, 1.0]
Valores iniciais:  x0 = 0.5, x1 = 1.0
Tolerância:        1e-06
Iterações máx:     100
================================================================================

TABELA DE COMPARAÇÃO
Método		| Valor Final	| Erro Final	| f(x) Final	| Iterações
-----------------------------------------------------------------
MIL         	| 2.816914	| 0.000000	| -0.000008	| 18
Bissecção   	| 0.337609	| 0.000002	| -0.000003	| 20
Newton      	| 0.337609	| 0.000000	| 0.000000	| 4
Secante     	| 0.337609	| 0.000000	| -0.000000	| 6
Regula Falsi	| 0.337609	| 0.000000	| -0.000000	| 5
-----------------------------------------------------------------

Método: MIL
----------------------------------------
Iteração	x		f(x)		φ(x)		Erro
1		0.500000	-1.375000	1.144714	0.644714
2		1.144714	-5.802428	1.940092	0.795378
3		1.940092	-7.158404	2.436302	0.496209
4		2.436302	-4.465884	2.664967	0.228665
5		2.664967	-2.057982	2.758254	0.093287
6		2.758254	-0.839587	2.794559	0.036305
7		2.794559	-0.326749	2.808437	0.013878
8		2.808437	-0.124898	2.813705	0.005269
9		2.813705	-0.047417	2.815700	0.001995
10		2.815700	-0.017955	2.816455	0.000755
11		2.816455	-0.006792	2.816741	0.000285
12		2.816741	-0.002569	2.816848	0.000108
13		2.816848	-0.000971	2.816889	0.000041
14		2.816889	-0.000367	2.816905	0.000015
15		2.816905	-0.000139	2.816911	0.000006
16		2.816911	-0.000052	2.816913	0.000002
17		2.816913	-0.000020	2.816914	0.000001
18		2.816914	-0.000008	2.816914	0.000000

Método: Bissecção
----------------------------------------
Iteração	a		b		x		f(x)		Erro
1		0.000000	1.000000	0.500000	-1.375000	1.000000
2		0.000000	0.500000	0.250000	0.765625	0.500000
3		0.250000	0.500000	0.375000	-0.322266	0.250000
4		0.250000	0.375000	0.312500	0.218018	0.125000
5		0.312500	0.375000	0.343750	-0.053131	0.062500
6		0.312500	0.343750	0.328125	0.082203	0.031250
7		0.328125	0.343750	0.335938	0.014474	0.015625
8		0.335938	0.343750	0.339844	-0.019344	0.007812
9		0.335938	0.339844	0.337891	-0.002439	0.003906
10		0.335938	0.337891	0.336914	0.006017	0.001953
11		0.336914	0.337891	0.337402	0.001789	0.000977
12		0.337402	0.337891	0.337646	-0.000325	0.000488
13		0.337402	0.337646	0.337524	0.000732	0.000244
14		0.337524	0.337646	0.337585	0.000204	0.000122
15		0.337585	0.337646	0.337616	-0.000061	0.000061
16		0.337585	0.337616	0.337601	0.000071	0.000031
17		0.337601	0.337616	0.337608	0.000005	0.000015
18		0.337608	0.337616	0.337612	-0.000028	0.000008
19		0.337608	0.337612	0.337610	-0.000011	0.000004
20		0.337608	0.337610	0.337609	-0.000003	0.000002

Método: Newton
----------------------------------------
Iteração	x		f(x)		f'(x)		Erro
1		0.333333	-1.375000	-8.250000	0.166667
2		0.337607	0.037037	-8.666667	0.004274
3		0.337609	0.000018	-8.658065	0.000002
4		0.337609	0.000000	-8.658061	0.000000

Método: Secante
----------------------------------------
Iteração	x(n-1)		x(n)		f(x(n))		Erro
1		0.500000	1.000000	-5.000000	0.689655
2		1.000000	0.310345	0.236787	0.031184
3		0.310345	0.341528	-0.033919	0.003907
4		0.341528	0.337621	-0.000105	0.000012
5		0.337621	0.337609	0.000000	0.000000
6		0.337609	0.337609	-0.000000	0.000000

Método: Regula Falsi
----------------------------------------
Iteração	a		b		x		f(x)		Erro
1		0.000000	1.000000	0.375000	-0.322266	0.322266
2		0.000000	0.375000	0.338624	-0.008790	0.008790
3		0.000000	0.338624	0.337635	-0.000226	0.000226
4		0.000000	0.337635	0.337610	-0.000006	0.000006
5		0.000000	0.337610	0.337609	-0.000000	0.000000

